 2.104 3 1.214589702733833 1.645453501485202 2.040359699137564 3.999
 1.6 3 0.8048452555190727 1.156956242239579 1.04393256113436 3.299
 2.4 3 1.526176214472764 1.990968724722723 2.735964501748664 3.69
 1.416 2 1.017324038996831 1.04813526432316 0.8736978946073403 2.32
 3 4 1.352385227954624 2.118710391259421 2.403006504288134 5.399
 1.985 4 1.076703348906116 0.9800207645674358 1.378249547190508 2.999
 1.534 3 0.9130936012113947 0.3720728359743355 0.9668419698998464 3.149
 1.427 3 0.8839220724615852 1.37239285927907 1.647980893754394 1.98999
 1.38 3 0.79903868308335 1.093673907297624 0.6403233670822002 2.12
 1.494 3 0.9347486861597696 1.661781830080682 1.269377882456662 2.425
 1.94 4 1.103613801452245 -0.01943123931300916 1.868606231362198 2.39999
 2 3 1.073595923949018 0.9546972611251181 1.419240151370059 3.47
 1.89 3 1.067864839014509 0.4921133695563865 1.842646328826775 3.29999
 4.478 5 1.923708282660118 2.876887170269834 3.032954066196465 6.999
 1.268 3 0.7870768601956176 0.1838465471385393 1.250505767422151 2.599
 2.3 4 1.225235600766247 1.009578488484798 1.528810279567359 4.499
 1.32 2 0.8304845622075822 0.534504017749921 0.7699932077856928 2.999
 1.236 3 0.7393939341195418 0.1258847543655072 0.957862893124324 1.999
 2.609 4 1.226688305743997 0.7150132383037497 1.866581549381827 4.99998
 3.031 4 1.520045451956296 1.796342676463401 2.721802724287183 5.99
 1.767 3 1.082588122549184 2.593029646029017 1.736327660967759 2.529
 1.888 2 1.049366780249751 0.4059091713994564 1.325956407518839 2.55
 1.604 3 0.8232844080842358 1.008783947557266 1.459071615152825 2.429
 1.962 4 1.031718432472722 1.788005605101967 2.746714728485802 2.599
 3.89 3 1.818641872399809 2.362229660930554 2.605157308021194 5.739
 1.1 3 0.850671357878773 2.306185841408658 1.007297622240203 2.499
 1.458 3 0.7145941617275655 1.158265715033529 1.26786145913252 4.645
 2.526 3 1.345048049951109 0.9972161884714832 1.337305757821708 4.69
 2.2 3 1.284930342744978 0.87483919825332 1.519570608329427 4.75
 2.637 3 1.386768133277944 1.393590496795101 1.968235006438805 2.999
 1.839 2 1.070629205756111 2.169933986068061 2.033442358007391 3.499
 1 1 0.6874538951847412 1.362613855339509 0.7199914060809731 1.699
 2.04 4 1.112449365064376 -0.01638315050471806 1.227316691368417 3.149
 3.137 3 1.469086542355536 1.451922240554415 1.930027390163522 5.799
 1.811 4 0.8371132114368822 1.36633847820886 1.374799619124963 2.859
 1.437 3 0.9285726490374209 0.9594832665451845 1.244145400222201 2.499
 1.239 3 0.7517486352755292 2.122125578375763 1.099344381843419 2.299
 2.132 4 1.398952274147858 0.7556957134865632 1.51082233283408 3.45
 4.215 4 1.878248420599562 3.135916994270491 3.336199202153974 5.49
 2.162 4 1.186198770228579 2.071189054371536 1.354250681022773 2.87
 1.664 2 1.170767841296164 0.1011792640384797 1.129397100620936 3.685
 2.238 3 1.289098005952873 2.814230223370268 1.193757328022537 3.299
 2.567 4 1.403559823283685 2.114924711530281 1.157296163867939 3.14
 1.2 3 0.7974110821093932 1.453344730810513 0.8397289299726343 2.99
 0.852 2 0.6086690250595708 0.4589780612454477 0.9826840830687877 1.799
 1.852 4 0.9520892637111086 2.04417993084517 1.044400637031306 2.999
 1.203 3 0.7665563417670184 1.262382506847577 0.8040097323805931 2.395
