 2.104 3 3.999
 1.6 3 3.299
 2.4 3 3.69
 1.416 2 2.32
 3 4 5.399
 1.985 4 2.999
 1.534 3 3.149
 1.427 3 1.98999
 1.38 3 2.12
 1.494 3 2.425
 1.94 4 2.39999
 2 3 3.47
 1.89 3 3.29999
 4.478 5 6.999
 1.268 3 2.599
 2.3 4 4.499000000000001
 1.32 2 2.999
 1.236 3 1.999
 2.609 4 4.99998
 3.031 4 5.99
 1.767 3 2.529
 1.888 2 2.55
 1.604 3 2.429
 1.962 4 2.599
 3.89 3 5.739
 1.1 3 2.499
 1.458 3 4.645
 2.526 3 4.69
 2.2 3 4.75
 2.637 3 2.999
 1.839 2 3.499
 1 1 1.699
 2.04 4 3.149
 3.137 3 5.799
 1.811 4 2.859
 1.437 3 2.499
 1.239 3 2.299
 2.132 4 3.45
 4.215 4 5.49
 2.162 4 2.87
 1.664 2 3.685
 2.238 3 3.299
 2.567 4 3.14
 1.2 3 2.99
 0.852 2 1.799
 1.852 4 2.999
 1.203 3 2.395
